num_cranes: 1
lat: 39.468346828360495
lon: -75.53647603022749