num_cranes: 1
lat: 40.660138753664214
lon: -74.01013136648118
