num_cranes: 1
lat: 44.452671988904385
lon: -68.90594364079949