num_cranes: 1
lat: 44.64169562447243
lon: -63.56635427005758
shuttle_wtiv: True
