num_cranes: 1
lat: 41.628787520788265
lon: -70.91668966097211
shuttle_wtiv: False
