num_cranes: 1
lat: 41.36008682668996
lon: -72.0918543631234
shuttle_wtiv: True
