num_cranes: 1
lat: 36.88814731371571
lon: -76.33435682327624