num_cranes: 1
lat: 39.30525394129962
lon: -76.49125511373394
shuttle_wtiv: False
